frame# flag page#
0 1 244
1 1 209
2 1 156
3 1 112
4 1 95
5 1 253
6 1 88
7 1 226
8 1 109
9 1 214
10 1 152
11 1 128
12 1 250
13 1 9
14 1 251
15 1 215
16 1 72
17 1 56
18 1 238
19 1 29
20 1 252
21 1 26
22 1 126
23 1 236
24 1 24
25 1 178
26 1 3
27 1 159
28 1 192
29 1 160
30 1 83
31 1 23
32 1 127
33 1 69
34 1 14
35 1 231
36 1 234
37 1 165
38 1 174
39 1 87
40 1 11
41 1 61
42 1 123
43 1 42
44 1 170
45 1 130
46 1 175
47 1 221
48 1 19
49 1 196
50 1 75
51 1 142
52 1 40
53 1 230
54 1 20
55 1 228
56 1 107
57 1 201
58 1 119
59 1 113
60 1 79
61 1 247
62 1 2
63 1 168
64 1 188
65 1 135
66 1 144
67 1 197
68 1 70
69 1 15
70 1 212
71 1 167
72 1 183
73 1 33
74 1 149
75 1 91
76 1 166
77 1 62
78 1 146
79 1 21
80 1 249
81 1 246
82 1 241
83 1 76
84 1 36
85 1 240
86 1 122
87 1 237
88 1 47
89 1 243
90 1 85
91 1 103
92 1 58
93 1 161
94 1 219
95 1 203
96 1 187
97 1 232
98 1 198
99 1 27
100 1 136
101 1 105
102 1 202
103 1 41
104 1 18
105 1 111
106 1 248
107 1 245
108 1 106
109 1 25
110 1 147
111 1 169
112 1 184
113 1 205
114 1 50
115 1 255
116 1 223
117 1 49
118 1 54
119 1 194
120 1 60
121 1 185
122 1 59
123 1 200
124 1 190
125 1 7
126 1 57
127 1 94
128 1 31
129 1 227
130 1 207
131 1 218
132 1 110
133 1 8
134 1 208
135 1 143
136 1 90
137 1 52
138 1 77
139 1 101
140 1 114
141 1 148
142 1 222
143 1 82
144 1 224
145 1 155
146 1 96
147 1 163
148 1 81
149 1 158
150 1 93
151 1 137
152 1 43
153 1 12
154 1 78
155 1 4
156 1 68
157 1 116
158 1 45
159 1 162
160 1 132
161 1 239
162 1 104
163 1 199
164 1 28
165 1 154
166 1 6
167 1 139
168 1 108
169 1 51
170 1 38
171 1 173
172 1 48
173 1 193
174 1 64
175 1 177
176 1 164
177 1 34
178 1 204
179 1 151
180 1 32
181 1 233
182 1 206
183 1 65
184 1 35
185 1 254
186 1 213
187 1 176
188 1 102
189 1 115
190 1 125
191 1 180
192 1 181
193 1 191
194 1 16
195 1 179
196 1 220
197 1 5
198 1 211
199 1 22
200 1 84
201 1 97
202 1 89
203 1 53
204 1 172
205 1 129
206 1 10
207 1 210
208 1 44
209 1 141
210 1 92
211 1 229
212 1 182
213 1 153
214 1 63
215 1 138
216 1 186
217 1 86
218 1 80
219 1 1
220 1 171
221 1 235
222 1 30
223 1 216
224 1 0
225 1 17
226 1 118
227 1 195
228 1 37
229 1 117
230 1 46
231 1 71
232 1 217
233 1 39
234 1 99
235 1 131
236 1 189
237 1 133
238 1 225
239 1 67
240 1 73
241 1 121
242 1 242
243 1 66
244 0 -1
245 0 -1
246 0 -1
247 0 -1
248 0 -1
249 0 -1
250 0 -1
251 0 -1
252 0 -1
253 0 -1
254 0 -1
255 0 -1
