20
285
758
947
1273
1389
1678
1807
2095
2423
2746
3048
3198
3390
3694
3857
4193
4595
4619
5062
5121
5577
5853
5966
407
6311
6635
6727
6971
7397
7588
7800
8137
8379
8590
8862
9107
9419
9501
9729
10184
1326
10344
1266
10678
10764
11234
11506
11771
11917
12193
12378
12789
12925
13210
13393
13707
13875
14238
14513
14744
14850
15113
15546
15576
15668
14950
15892
6796
9023
16369
16420
8747
16675
3073
16922
14358
17332
17521
17664
17921
8509
18234
10266
18552
9930
18913
18988
19316
19636
19783
14860
20140
20416
4965
20571
20872
21033
11839
11493
21412
21655
21937
508
4202
4998
22141
22378
22720
16487
13237
3516
23016
11208
23096
23517
23626
2727
23855
24097
24496
24692
25078
25113
25414
25710
25948
26348
26398
26806
27069
27350
7397
17581
27455
27704
28066
25980
3840
28234
2126
28634
28730
1412
22279
12534
29124
29273
29606
2980
28667
29717
29993
18006
4217
30463
30600
28565
30946
31091
31460
4284
8569
14000
31561
31939
32115
32480
17981
32677
4148
32983
2752
33267
7291
33283
31261
33615
32368
33969
2928
4306
4079
22592
34077
21975
34352
34594
17225
32541
4533
3679
34866
14620
31779
30292
35173
35563
26070
24709
35648
35997
14502
36145
36450
36707
470
36773
37089
37343
15565
37384
24922
19354
10017
18652
25068
16657
12267
1011
28038
20586
37845
25205
38014
38397
26772
38605
38675
356
15453
39034
8597
39292
39456
39886
28601
13386
40077
3848
20614
38136
40200
6677
26128
27307
28495
40668
40925
2748
41154
28097
20934
41346
31235
28872
35423
41485
41969
42082
13598
38143
18974
15614
41300
345
35327
27339
7531
37339
10429
42351
42571
42996
25983
43185
16741
43473
43546
6300
34026
23856
44015
44174
44423
44588
6197
44967
26010
8643
14523
45221
45544
34946
13073
20085
45583
38862
45969
42048
22570
41213
21845
46130
16384
16375
46432
46703
46967
30176
1596
22674
3214
11623
47274
9948
7849
25622
47379
14737
47662
5024
8434
48010
28695
1540
7106
48276
30489
22647
40045
48530
3229
23276
28182
41010
48787
43697
5185
30505
49118
49296
4550
49409
33160
43265
49664
28037
50135
3060
34164
28197
9562
50035
34601
50294
6207
42071
46100
20119
5585
50551
42702
18114
33356
20442
46983
50763
51095
33311
23993
6546
12499
48226
42839
7081
45995
11075
28336
3720
6383
51360
51665
27926
30633
45209
15522
28242
49291
21092
44018
21619
51949
45559
52204
40643
42887
9110
9716
4548
17618
52303
52734
46027
30301
52866
14937
40574
53154
53275
16387
36317
53614
27971
40900
20254
35582
29504
13674
33946
53861
54159
39953
42499
18885
5801
23128
16839
26962
14376
54373
26306
41924
16161
54648
21747
18295
26021
35639
14420
18369
54817
55207
55370
5083
52335
8834
43755
32153
55722
51566
46964
34085
43036
48291
6211
408
31820
41043
920
24401
26743
36504
32700
32307
2055
25697
55995
51518
42993
9371
9110
40393
22938
56199
34861
4655
16455
56403
19734
11303
56684
11419
8640
36024
21642
56856
57208
33246
46892
44330
24035
25774
17128
31230
42986
20147
27083
29790
57589
4120
57564
8870
4596
18359
57721
47784
57944
58175
40350
13069
50708
48582
3507
7412
58407
57160
56572
30417
11370
55688
40099
33935
47759
15107
58628
7857
4280
27697
33614
20503
53031
50144
9741
47403
42775
57993
20065
58113
47834
38184
5399
59021
16934
28692
56966
14252
32817
8682
18584
27360
18065
53077
59293
19446
41738
50761
54550
59504
5434
58236
52044
20690
31775
14352
3904
14054
8532
48395
680
343
55513
52407
54095
35122
45132
45878
18437
35651
58198
59718
50663
36540
56906
14099
15899
3306
4002
21180
14799
51865
56986
38099
42266
57101
53634
5095
42279
29884
24156
15265
51032
9492
22107
41939
39157
42073
38713
58852
25005
28060
7950
58945
23867
18690
16902
40428
24497
44907
4048
52426
26600
58916
10125
48744
16238
19993
45154
8858
3146
32493
31982
10514
2354
17698
24866
51688
4850
41938
57154
8048
39067
13340
1254
42663
11024
46890
4479
24756
46861
7749
17551
23033
4802
31386
56006
32754
26653
28339
55754
60023
5104
57943
7563
34636
6063
60360
43383
59475
31371
14943
22609
9429
25037
46014
37008
34005
60522
14912
18666
35884
14452
60781
52650
979
57613
50194
27748
34864
55260
56733
20055
10773
49655
29351
2854
312
50690
25727
45564
18375
38784
21545
32984
27578
11362
16945
24052
18532
48190
10404
55076
51281
20038
22106
16914
2000
1379
29225
23656
51318
7176
1081
34756
14970
42174
60570
37591
51577
32282
19664
22403
7098
4912
58945
37314
11396
10208
48115
35911
24017
57804
58814
33517
13220
42116
35165
14125
29760
39664
8190
35875
52536
8543
13604
2944
60997
59907
50483
25997
9024
9127
7981
14299
33231
40635
52241
53094
14169
15475
24934
55831
53035
52234
36283
7695
50549
2123
17149
46889
10292
38417
61225
14508
37524
35786
9424
39998
10716
21448
24824
49087
4111
15382
23753
54951
1601
11299
61663
21110
56878
36656
46320
22879
58038
10235
16199
48539
37931
28251
13650
48205
5993
58359
14009
29008
31450
52251
55579
21383
54928
15664
34857
35872
57990
29080
12661
39721
26698
42353
7745
42487
51152
61782
22031
3483
39837
32542
5701
46610
17553
53909
25691
18255
51762
60230
17451
41477
9748
41937
44267
37453
7884
15720
55546
46926
16428
47396
54392
37658
35216
2512
36248
61994
28654
16275
33145
61912
42645
58307
24203
5021
29726
35972
43102
31137
6242
55231
26724
10202
3224
40919
21963
57213
23614
32897
38866
37257
5179
13427
43370
14971
9357
39096
33933
20873
40995
834
52785
10182
56462
56696
11419
39483
10560
62422
26428
28356
50228
38870
14508
22891
62090
11337
50303
48783
48382
43097
53630
41821
49254
9995
18700
18020
27385
55050
3206
1456
59136
2479
933
42188
6741
4450
17246
28919
22180
49892
17101
16541
48440
46945
21161
48209
46186
50228
28322
35612
24251
36473
14448
20061
31144
50491
55590
31962
8501
57907
17446
7250
22805
56410
57541
46104
15684
52647
27357
60950
48515
10547
22845
16836
13116
42800
27479
61335
35995
28763
19520
34155
21478
2554
37878
59855
1802
39964
16221
20637
31671
592
25793
26413
35325
57912
23324
175
46572
44745
46075
2635
